0.144324
-0.111531
0.107302
-0.00476636
-0.0688254
0.0197746
-0.0592522
0.047228
-0.0809365
0.070664
-0.160155
0.0419483
-0.0177624
0.0725754
0.0598981
-0.104532
0.145584
-0.104242
0.0688973
-0.145309
-0.00512981
0.0190167
0.0708084
0.0250743
-0.0781086
0.14417
-0.0934072
-0.0744072
-0.086938
-0.127561
-0.0973322
-0.161283
-0.226556
-0.114735
-0.139049
-0.188146
0.0541605
0.161431
0.0523517
0.33022
0.434129
0.311634
0.344868
0.502108
0.381401
0.0648186
-0.000907079
0.0813728
-0.136635
-0.265525
-0.13278
-0.245421
-0.333456
-0.197048
-0.0151021
-0.019989
0.0817937
-0.0735842
-0.356309
0.00654188
-0.00356913
-0.201755
-0.00426792
-0.0133562
-0.0164445
0.00400856
-0.0310217
-0.271367
-0.0245998
-0.0183163
-0.177093
-0.0398776
0.0534753
0.0440832
-0.0319933
0.102522
-0.0124447
0.055427
0.0306339
-0.00918427
0.0151864
0.0360043
0.0831104
0.000810576
0.0139817
0.104303
0.04877
0.000229416
0.078419
0.0561536
0.0345106
0.0954217
0.0205681
0.0142224
0.159048
0.0806911
0.0404619
0.168867
0.109263
-0.0588922
-0.0521697
-0.101325
-0.0137187
0.0990933
0.0190213
0.0710497
0.155057
0.0732885
0.0486949
0.103968
-0.0264828
0.122251
0.246413
0.102099
0.0398991
0.122888
-0.0409251
-0.0405327
-0.156435
-0.0471765
-0.276297
-0.465281
-0.285464
-0.160599
-0.356537
-0.247417
0.022168
0.0327554
0.0639742
0.0443548
0.022057
0.133298
0.0874613
0.102218
0.156842
0.0184451
0.0265212
0.0387233
0.0581053
0.0415443
0.0362769
0.0444919
0.0284419
-0.000818527
-0.169387
-0.262215
-0.163648
-0.35953
-0.472069
-0.386354
-0.376674
-0.465712
-0.392741
0.11067
0.177233
0.112124
0.316523
0.447426
0.323274
0.317028
0.478714
0.335763
0.0643435
0.0811515
0.0360418
0.107927
0.0632275
0.0794237
0.11218
0.106717
0.139763
0.0333089
-0.0660375
-0.0237372
-0.190557
-0.379857
-0.232423
-0.291996
-0.409695
-0.229999
0.0465971
0.0678936
0.0133137
0.214439
0.201831
0.196477
0.18949
0.262735
0.26179
-0.0234886
-0.283688
-0.172441
0.272021
-0.14816
-0.266808
0.486118
0.157234
-0.0516491
-0.0913442
-0.413314
-0.282434
0.369572
-0.185595
-0.339059
0.72281
0.26843
-0.0731115
-0.0632657
-0.208747
-0.0834722
0.149886
-0.116919
-0.158165
0.299055
0.111024
0.060421
-0.0753778
-0.0950949
-0.104664
-0.022126
-0.0407508
-0.0830652
-0.00955533
-0.00816573
-0.168522
-0.0520972
-0.057996
-0.0945407
0.040075
0.0418742
-0.0812688
0.0395123
0.0316835
-0.181571
-0.0288361
-0.0970071
-0.039033
-0.0198048
-0.0811056
0.0096701
-0.0237294
0.0399678
0.0110835
-0.0525648
0.0054738
-0.00454229
-0.129637
-0.034064
-0.0485698
-0.113158
-0.0550269
-0.079263
-0.00547378
-0.00277248
-0.152854
0.218078
0.33733
0.106336
0.269183
0.374484
0.146805
0.120204
0.0183551
0.146981
-0.25639
-0.396802
-0.125564
-0.222703
-0.39752
-0.142299
-0.0574357
-0.128845
-0.0666539
-0.283777
-0.368766
-0.296157
-0.262449
-0.364547
-0.253018
-0.0269838
-0.0260948
-0.0622351
-0.0231869
0.0175771
-0.0435291
-0.0192253
-0.0149241
-0.0282571
0.0789929
0.171115
0.0696202
0.264262
0.443677
0.308662
0.250023
0.414759
0.30407
0.0622304
0.0909972
0.0155698
0.128602
0.262621
0.133854
0.111831
0.206069
0.113025
0.0228261
0.0884511
0.0200337
-0.00880553
0.192646
0.0480921
-0.0438839
0.0580388
-0.0312789
0.023445
0.051356
0.0109946
-0.0188341
0.137424
0.0245193
-0.0517561
-0.0215935
-0.0828187
-0.0442906
0.0601263
-0.0608034
-0.0796831
0.082859
0.083001
0.0854019
-0.133895
-0.0273488
-0.165685
0.0550795
-0.0176609
-0.155229
0.103465
0.141796
0.0904528
-0.152871
-0.0438117
0.0424198
0.112185
-0.0670438
-0.0107181
-0.03015
-0.147119
0.120803
-0.0766971
-0.0432349
-0.1009
0.0348443
-0.0330751
-0.0693025
0.214415
-0.055238
0.00513469
0.199003
-0.112312
-0.0931454
0.100629
-0.00398888
-0.154383
0.280633
-0.164681
-0.1246
0.141699
-0.267927
-0.0949667
0.0316141
-0.0633874
-0.0354653
0.29502
-0.0315844
-0.0297315
0.20189
-0.112375
0.0858159
0.055621
0.00972768
-0.0684024
-0.135743
-0.117118
0.00655893
-0.146067
-0.0822347
0.0118897
0.0645696
0.00142972
-0.0269631
0.0410878
0.0104873
0.0414899
-0.0134296
0.00986922
-0.0622803
0.0399481
-0.0158473
0.00210382
0.142757
0.0912901
0.0698554
0.090129
0.0880084
0.113622
0.104676
0.117091
0.0876137
-0.09523
0.0760371
-0.00234796
-0.133857
-0.0289791
0.0154791
-0.0259983
-0.00613922
0.041957
-0.188961
-0.0169432
0.0110195
-0.163029
-0.0523136
-0.167201
-0.155137
-0.107732
-0.137399
-0.240376
-0.0951173
-0.0874411
-0.151581
-0.0755807
0.115723
0.532245
0.380812
-0.180741
-0.0760312
-0.150368
-0.136261
-0.351785
-0.332548
0.234263
0.822454
0.591332
-0.248817
-0.089845
-0.224899
-0.236693
-0.508955
-0.533722
0.0844287
0.360964
0.261162
-0.118462
-0.0339059
-0.0445969
-0.0899405
-0.259441
-0.141793
-0.180519
-0.381349
-0.33188
0.188801
0.709889
0.313168
-0.152843
-0.0740423
-0.101385
-0.301472
-0.557754
-0.539374
0.319267
1.13658
0.456621
-0.257327
-0.0771535
-0.239979
-0.127668
-0.209013
-0.196511
0.129278
0.463811
0.226288
-0.105114
-0.095387
-0.0582052
0.204673
-0.15257
0.146089
0.0333814
-0.795295
0.418523
0.213154
-0.329243
0.234845
0.236449
-0.217036
0.258664
0.034615
-1.17012
0.59087
0.32479
-0.446217
0.384608
0.10086
-0.0980364
0.00943456
0.080513
-0.431366
0.289189
0.121434
-0.1754
0.0640533
-0.0256677
0.0182114
0.0254168
0.0319683
0.110682
0.105865
-0.0017586
0.127867
0.106407
0.0138031
-0.00638077
0.0350234
-0.0113225
-0.0253998
0.0316525
-0.0390719
0.0175318
0.0315958
0.0512258
-0.0268003
0.00813308
0.0259522
-0.0633547
-0.00918885
0.00510242
-0.0201553
-0.00564225
0.0584643
-0.387202
-0.0770586
0.153002
0.177186
0.500445
0.0332226
-0.328941
-0.131924
-0.0055595
-0.55897
-0.138212
0.258786
0.249163
0.847503
-0.0339328
-0.530968
-0.176881
0.045392
-0.252195
-0.0570927
0.0884193
0.0992773
0.399941
0.0373103
-0.164414
-0.122304
-0.036971
-0.0886536
0.10064
-0.00802361
-0.117092
0.185064
0.0551231
-0.0246552
-0.00546882
-0.0209658
-0.0945097
0.218797
-0.0594846
-0.258332
0.311385
0.0615486
-0.149778
-0.034853
-0.0111336
-0.0603832
0.164308
-0.0420301
-0.184451
0.183767
0.0506109
-0.0432286
0.000598174
0.00604075
0.233322
0.064922
0.351247
0.794408
0.462759
0.190896
0.64245
0.384389
-0.0948736
-0.259236
-0.205942
-0.235354
-0.36298
-0.327773
-0.209903
-0.296068
-0.250127
0.105872
-0.0276629
0.042149
-0.0572942
-0.257027
-0.145345
-0.038113
-0.237067
-0.110348
-0.027775
0.01185
0.00172188
-0.00177181
0.0769666
0.0399647
-0.0133615
0.0784739
0.0543256
-0.00322705
0.0082409
0.00885573
-0.0353422
0.00842639
-0.0163215
-0.032848
0.0316077
0.0116264
0.0247319
-0.00209266
-0.00111248
-0.000841374
-0.0111799
-0.0279
0.000319267
0.00381832
-0.00559169
-0.211431
-0.953299
-0.633231
0.00584452
-0.143533
0.0359925
0.306843
0.832948
0.662747
-0.371304
-1.29363
-0.870128
-0.023695
-0.184594
0.0755123
0.4995
1.12303
0.941408
-0.0761264
-0.624389
-0.423953
0.0063871
-0.0384692
0.0409002
0.18733
0.602503
0.412597
-0.11614
-0.20114
0.0600678
-0.348616
-0.110715
0.390665
-0.211952
-0.0500042
0.414684
-0.234195
-0.260068
0.130088
-0.502728
-0.101766
0.598871
-0.307932
-0.0485325
0.537931
-0.0360177
-0.136244
0.100567
-0.157976
0.00214451
0.284163
-0.107611
-0.0417953
0.228719
0.0482263
-0.242792
0.116545
0.542657
-0.319054
-0.0740607
0.211226
-0.359688
0.0608921
0.20536
-0.321141
0.0489487
0.839704
-0.525244
-0.174248
0.315289
-0.512522
0.0808332
0.0616925
-0.117869
0.10099
0.342053
-0.24134
-0.0731559
0.0844792
-0.220751
0.0701733
0.0430907
0.0526449
0.0640366
-0.185078
-0.376323
-0.468109
0.0956152
0.538957
0.211143
0.132619
0.0174067
0.0802502
-0.372898
-0.600871
-0.702543
0.164269
0.834079
0.395684
0.0341308
0.0107091
0.0691586
-0.126359
-0.211112
-0.225437
0.0213082
0.279036
0.123575
0.653717
0.0604196
-0.648026
0.892754
0.0501236
-1.00188
0.625946
0.0305684
-0.731357
0.856894
0.0583664
-0.90473
1.16828
0.107538
-1.30295
0.829412
0.0615668
-0.946162
0.430234
0.0268088
-0.458758
0.605822
0.0904809
-0.598695
0.394902
0.0238438
-0.453847
-0.0880271
-0.178562
-0.125406
-0.316795
-0.459765
-0.410353
-0.350417
-0.459128
-0.392689
0.151722
0.205914
0.17995
0.315028
0.358436
0.31447
0.284473
0.353544
0.30695
-0.111092
-0.0670171
-0.078408
0.0473404
0.091359
0.0782706
0.00408158
0.098801
0.0666668
0.364634
0.263764
0.173051
0.230228
0.177873
0.023669
-0.497253
-0.651867
-0.217519
0.5117
0.423238
0.287228
0.253364
0.211519
0.0235083
-0.709027
-0.839224
-0.272771
0.224479
0.140614
0.158998
0.176609
0.17915
0.0441077
-0.333067
-0.428764
-0.0937338
-0.0216011
-0.0170957
-0.0209646
0.138705
-0.0100212
0.0184337
-0.0977798
-0.286544
0.326563
0.0885563
-0.0476516
-0.0588751
0.17131
-0.152541
0.135673
-0.207855
-0.431922
0.489359
-0.0320277
-0.025771
0.000902996
0.047373
-0.0283171
0.00525888
-0.0992974
-0.180127
0.268224
